5150270
8817571
21257924
4135183
2332927
2333680
23246477
2332957
32500361
3909649
66806478
2333584
22543263
24861502
2585521
32670847
17697054
2830693
40241700
2665177
51058260
51134548
13747618
2395831
2333587
2333233
6010723
5182430
58616727
24320579
9969319
13820750
4525002
3880111
3910606
2941918
10775890
58095800
4639249
22785667
14180177
22543267
24766723
2333089
10667477
1967323
17173011
23037296
2333170
59271445
56619817
2333371
6449309
13793106
5997766
3910366
14699749
32638562
2333419
3910066
3713998
2332996
10650991
20696217
6149024
27408478
40579553
518890
3910057
5247436
2333020
4576263
6004520
3910537
2106460
2659960
2964031
2332939
8694142
23244315
16964818
4576284
14890751
15908992
23289125
11566867
22067513
2333329
59198878
8807393
4672763
4108374
4270709
2128627
5181774
2444383
2607718
5432314
13887966
4127718
13754998
8957614
9295681
50980286
19777982
13740926
5529702
2253910
21909510
4574757
2918650
2333614
58094943
13833647
24399012
11571350
2332972
3867676
66501738
21672035
5533102
17228199
13771849
17994895
15095473
4958122
10017742
17924329
4639187
2333545
2197156
5156456
3022192
4575117
2333350
2585398
2281816
19603049
18311607
5646158
3124591
21827119
6096528
8909558
38152022
4621140
2525113
4517198
24109662
8893032
18675329
58062325
4575127
4679908
6149023
5646291
58485992
22024201
5145345
2332981
5711810
13880310
8920444
3909544
21385690
13760073
2828008
3910648
5161356
57063943
17948771
58113166
32562488
2905603
65341297
24092523
2331247
56539756
5152794
10778031
18523308
40892092
4184962
5952315
3910360
4528809
10349862
3152485
19153459
14879307
4575207
2918644
6018863
5591863
2669044
13863130
5454910
3910651
2333593
2256811
